"","#","Name","type_1","type_2","Total","HP","Attack","Defense","Sp. Atk","Sp. Def","Speed"
"1",1,"Bulbasaur","Grass","Poison",318,45,49,49,65,65,45
"2",4,"Charmander","Fire",NA,309,39,52,43,60,50,65
"3",7,"Squirtle","Water",NA,314,44,48,65,50,64,43
"4",152,"Chikorita","Grass",NA,318,45,49,65,49,65,45
"5",155,"Cyndaquil","Fire",NA,309,39,52,43,60,50,65
"6",158,"Totodile","Water",NA,314,50,65,64,44,48,43
"7",252,"Treecko","Grass",NA,310,40,45,35,65,55,70
"8",255,"Torchic","Fire",NA,310,45,60,40,70,50,45
"9",258,"Mudkip","Water",NA,310,50,70,50,50,50,40
"10",387,"Turtwig","Grass",NA,318,55,68,64,45,55,31
"11",390,"Chimchar","Fire",NA,309,44,58,44,58,44,61
"12",393,"Piplup","Water",NA,314,53,51,53,61,56,40
"13",495,"Snivy","Grass",NA,308,45,45,55,45,55,63
"14",498,"Tepig","Fire",NA,308,65,63,45,45,45,45
"15",501,"Oshawott","Water",NA,308,55,55,45,63,45,45
"16",650,"Chespin","Grass",NA,313,56,61,65,48,45,38
"17",653,"Fennekin","Fire",NA,307,40,45,40,62,60,60
"18",656,"Froakie","Water",NA,314,41,56,40,62,44,71
"19",722,"Rowlet","Grass","Flying",320,68,55,55,50,50,42
"20",725,"Litten","Fire",NA,320,45,65,40,60,40,70
"21",728,"Popplio","Water",NA,320,50,54,54,66,56,40
"22",810,"Grookey","Grass",NA,310,50,65,50,40,40,65
"23",813,"Scorbunny","Fire",NA,310,50,71,40,40,40,69
"24",816,"Sobble","Water",NA,310,50,40,40,70,40,70
